NASA/LANGLEY LS(1)-0417 (GA(W)-1) AIRFOIL
    1.000000     -0.4284677E-02
   0.9942962     -0.2629911E-02
   0.9872432     -0.5883265E-03
   0.9796094      0.1615730E-02
   0.9713170      0.4003241E-02
   0.9622924      0.6593641E-02
   0.9524860      0.9399138E-02
   0.9419033      0.1241586E-01
   0.9306246      0.1561902E-01
   0.9187981      0.1896488E-01
   0.9066124      0.2239911E-01
   0.8942483      0.2587047E-01
   0.8818332      0.2934329E-01
   0.8694199      0.3280254E-01
   0.8570131      0.3624200E-01
   0.8446137      0.3965494E-01
   0.8322249      0.4303412E-01
   0.8198521      0.4637183E-01
   0.8075026      0.4965998E-01
   0.7951857      0.5289020E-01
   0.7829122      0.5605459E-01
   0.7706931      0.5914626E-01
   0.7585379      0.6215900E-01
   0.7464552      0.6508727E-01
   0.7344525      0.6792619E-01
   0.7225359      0.7067154E-01
   0.7107105      0.7331921E-01
   0.6989790      0.7586419E-01
   0.6873408      0.7830218E-01
   0.6757921      0.8062985E-01
   0.6643265      0.8284458E-01
   0.6529352      0.8494428E-01
   0.6416074      0.8692733E-01
   0.6303315      0.8879425E-01
   0.6190950      0.9054686E-01
   0.6078844      0.9218673E-01
   0.5966848      0.9371505E-01
   0.5854800      0.9513260E-01
   0.5742520      0.9643968E-01
   0.5629816      0.9763768E-01
   0.5516511      0.9873150E-01
   0.5402467      0.9972579E-01
   0.5287587      0.1006245    
   0.5171815      0.1014311    
   0.5055146      0.1021487    
   0.4937626      0.1027802    
   0.4819338      0.1033269    
   0.4700381      0.1037894    
   0.4580866      0.1041689    
   0.4460916      0.1044665    
   0.4340664      0.1046840    
   0.4220254      0.1048233    
   0.4099833      0.1048853    
   0.3979525      0.1048689    
   0.3859421      0.1047727    
   0.3739578      0.1045957    
   0.3620017      0.1043372    
   0.3500729      0.1039960    
   0.3381671      0.1035711    
   0.3262815      0.1030625    
   0.3144184      0.1024700    
   0.3025858      0.1017943    
   0.2907972      0.1010366    
   0.2790712      0.1001987    
   0.2674311      0.9928323E-01
   0.2559024      0.9829110E-01
   0.2445085      0.9722129E-01
   0.2332684      0.9607329E-01
   0.2221972      0.9484707E-01
   0.2113059      0.9354300E-01
   0.2006021      0.9216177E-01
   0.1900921      0.9070431E-01
   0.1797913      0.8917307E-01
   0.1697292      0.8757372E-01
   0.1599435      0.8591508E-01
   0.1504746      0.8420854E-01
   0.1413596      0.8246703E-01
   0.1326280      0.8070332E-01
   0.1243029      0.7892416E-01
   0.1163993      0.7713423E-01
   0.1089219      0.7533917E-01
   0.1018657      0.7354476E-01
   0.9521770E-01  0.7175634E-01
   0.8895910E-01  0.6997844E-01
   0.8306961E-01  0.6821309E-01
   0.7753243E-01  0.6646084E-01
   0.7233173E-01  0.6472374E-01
   0.6745087E-01  0.6300449E-01
   0.6287191E-01  0.6130581E-01
   0.5857588E-01  0.5963011E-01
   0.5454437E-01  0.5797778E-01
   0.5076156E-01  0.5634352E-01
   0.4721012E-01  0.5472147E-01
   0.4387196E-01  0.5310662E-01
   0.4072957E-01  0.5149479E-01
   0.3776666E-01  0.4988246E-01
   0.3496834E-01  0.4826686E-01
   0.3232126E-01  0.4664797E-01
   0.2981435E-01  0.4502810E-01
   0.2743856E-01  0.4340980E-01
   0.2518619E-01  0.4179570E-01
   0.2305047E-01  0.4018833E-01
   0.2102527E-01  0.3859013E-01
   0.1910645E-01  0.3700205E-01
   0.1729389E-01  0.3542133E-01
   0.1558678E-01  0.3384473E-01
   0.1398327E-01  0.3226919E-01
   0.1248087E-01  0.3069188E-01
   0.1107677E-01  0.2911015E-01
   0.9768078E-02  0.2752174E-01
   0.8552793E-02  0.2592689E-01
   0.7429523E-02  0.2432728E-01
   0.6396886E-02  0.2272437E-01
   0.5453511E-02  0.2111941E-01
   0.4598050E-02  0.1951347E-01
   0.3829193E-02  0.1790745E-01
   0.3144470E-02  0.1630281E-01
   0.2538518E-02  0.1470242E-01
   0.2005995E-02  0.1310909E-01
   0.1542058E-02  0.1152525E-01
   0.1142314E-02  0.9953085E-02
   0.8027634E-03  0.8394489E-02
   0.5200414E-03  0.6851077E-02
   0.2944061E-03  0.5323150E-02
   0.1282651E-03  0.3809540E-02
   0.2400487E-04  0.2308226E-02
  -0.1581322E-04  0.8164631E-03
   0.1178337E-04 -0.6691649E-03
   0.1104335E-03 -0.2152730E-02
   0.2848922E-03 -0.3636038E-02
   0.5413780E-03 -0.5115048E-02
   0.8873502E-03 -0.6584257E-02
   0.1331575E-02 -0.8037133E-02
   0.1884252E-02 -0.9465862E-02
   0.2557155E-02 -0.1086105E-01
   0.3362539E-02 -0.1221234E-01
   0.4301789E-02 -0.1351687E-01
   0.5369253E-02 -0.1477657E-01
   0.6558524E-02 -0.1599325E-01
   0.7862131E-02 -0.1716855E-01
   0.9271031E-02 -0.1830398E-01
   0.1077399E-01 -0.1940098E-01
   0.1236285E-01 -0.2046180E-01
   0.1404023E-01 -0.2149094E-01
   0.1581018E-01 -0.2249408E-01
   0.1767654E-01 -0.2347822E-01
   0.1964261E-01 -0.2445196E-01
   0.2171058E-01 -0.2542599E-01
   0.2388145E-01 -0.2641209E-01
   0.2615935E-01 -0.2741306E-01
   0.2855084E-01 -0.2842644E-01
   0.3106333E-01 -0.2944924E-01
   0.3370545E-01 -0.3047805E-01
   0.3648779E-01 -0.3150901E-01
   0.3942400E-01 -0.3253794E-01
   0.4253156E-01 -0.3356340E-01
   0.4583074E-01 -0.3458865E-01
   0.4934461E-01 -0.3561833E-01
   0.5309894E-01 -0.3665850E-01
   0.5712134E-01 -0.3771709E-01
   0.6143913E-01 -0.3880444E-01
   0.6607601E-01 -0.3993083E-01
   0.7105370E-01 -0.4109622E-01
   0.7639036E-01 -0.4229582E-01
   0.8209880E-01 -0.4352253E-01
   0.8818695E-01 -0.4476726E-01
   0.9466192E-01 -0.4601990E-01
   0.1015390     -0.4727131E-01
   0.1088458     -0.4851665E-01
   0.1166101     -0.4975284E-01
   0.1248539     -0.5097659E-01
   0.1335893     -0.5218456E-01
   0.1428137     -0.5337384E-01
   0.1525051     -0.5454245E-01
   0.1626212     -0.5568475E-01
   0.1731040     -0.5678765E-01
   0.1838862     -0.5783836E-01
   0.1949009     -0.5882633E-01
   0.2060916     -0.5974405E-01
   0.2174220     -0.6058726E-01
   0.2288805     -0.6135473E-01
   0.2404705     -0.6204731E-01
   0.2521933     -0.6266608E-01
   0.2640464     -0.6321214E-01
   0.2760227     -0.6368669E-01
   0.2881097     -0.6409115E-01
   0.3002893     -0.6442721E-01
   0.3125394     -0.6469552E-01
   0.3248406     -0.6489587E-01
   0.3371777     -0.6502848E-01
   0.3495409     -0.6509394E-01
   0.3619255     -0.6509304E-01
   0.3743326     -0.6502662E-01
   0.3867678     -0.6489537E-01
   0.3992339     -0.6469960E-01
   0.4117241     -0.6443979E-01
   0.4242216     -0.6411681E-01
   0.4366997     -0.6373221E-01
   0.4491221     -0.6328845E-01
   0.4614450     -0.6278803E-01
   0.4736274     -0.6222655E-01
   0.4856459     -0.6159621E-01
   0.4974958     -0.6088944E-01
   0.5091877     -0.6009851E-01
   0.5207445     -0.5921508E-01
   0.5322000     -0.5822968E-01
   0.5435955     -0.5713609E-01
   0.5549715     -0.5593419E-01
   0.5663638     -0.5462349E-01
   0.5778043     -0.5320263E-01
   0.5893225     -0.5166954E-01
   0.6009449     -0.5002160E-01
   0.6126962     -0.4825648E-01
   0.6245992     -0.4637652E-01
   0.6366731     -0.4438682E-01
   0.6489312     -0.4229403E-01
   0.6613793     -0.4010704E-01
   0.6740141     -0.3783760E-01
   0.6868205     -0.3550085E-01
   0.6997700     -0.3311246E-01
   0.7128214     -0.3068741E-01
   0.7259219     -0.2824327E-01
   0.7390082     -0.2579990E-01
   0.7520097     -0.2337847E-01
   0.7648530     -0.2100029E-01
   0.7774680     -0.1868786E-01
   0.7898040     -0.1646712E-01
   0.8018367     -0.1435801E-01
   0.8135630     -0.1237373E-01
   0.8249947     -0.1052242E-01
   0.8361538     -0.8808730E-02
   0.8470682     -0.7234997E-02
   0.8577624     -0.5802357E-02
   0.8682447     -0.4512843E-02
   0.8785099     -0.3369193E-02
   0.8885426     -0.2373718E-02
   0.8983220     -0.1527404E-02
   0.9078252     -0.8293679E-03
   0.9170303     -0.2815934E-03
   0.9259258      0.1087711E-03
   0.9345143      0.3379541E-03
   0.9428079      0.4050234E-03
   0.9508240      0.3106634E-03
   0.9585829      0.5629693E-04
   0.9661063     -0.3554034E-03
   0.9734160     -0.9148715E-03
   0.9805319     -0.1611064E-02
   0.9874706     -0.2434483E-02
   0.9942468     -0.3376898E-02
    1.000000     -0.4284677E-02
