NYU/GRUMMAN K-1 AIRFOIL
    1.000000      0.7000000E-03
   0.9952991      0.1360497E-02
   0.9895823      0.2184566E-02
   0.9835110      0.3084789E-02
   0.9770422      0.4072448E-02
   0.9701279      0.5160699E-02
   0.9627170      0.6364581E-02
   0.9547589      0.7700628E-02
   0.9462115      0.9185692E-02
   0.9370545      0.1083441E-01
   0.9273090      0.1265360E-01
   0.9170488      0.1463066E-01
   0.9063948      0.1673559E-01
   0.8954970      0.1892674E-01
   0.8845075      0.2115768E-01
   0.8735528      0.2338506E-01
   0.8627174      0.2557419E-01
   0.8520405      0.2770086E-01
   0.8415219      0.2975047E-01
   0.8311297      0.3171648E-01
   0.8208175      0.3360415E-01
   0.8105446      0.3542275E-01
   0.8002782      0.3717935E-01
   0.7899920      0.3887918E-01
   0.7796652      0.4052596E-01
   0.7692828      0.4212208E-01
   0.7588352      0.4366879E-01
   0.7483188      0.4516631E-01
   0.7377366      0.4661389E-01
   0.7270986      0.4800995E-01
   0.7164203      0.4935204E-01
   0.7057170      0.5063766E-01
   0.6950012      0.5186492E-01
   0.6842827      0.5303250E-01
   0.6735685      0.5413957E-01
   0.6628624      0.5518576E-01
   0.6521655      0.5617100E-01
   0.6414759      0.5709550E-01
   0.6307889      0.5795966E-01
   0.6200971      0.5876409E-01
   0.6093918      0.5951066E-01
   0.5986653      0.6020159E-01
   0.5879111      0.6083890E-01
   0.5771244      0.6142442E-01
   0.5663015      0.6195981E-01
   0.5554405      0.6244666E-01
   0.5445408      0.6288649E-01
   0.5336035      0.6328078E-01
   0.5226315      0.6363100E-01
   0.5116294      0.6393852E-01
   0.5006022      0.6420401E-01
   0.4895546      0.6442793E-01
   0.4784907      0.6461083E-01
   0.4674137      0.6475335E-01
   0.4563263      0.6485617E-01
   0.4452304      0.6492003E-01
   0.4341272      0.6494568E-01
   0.4230172      0.6493390E-01
   0.4118999      0.6488547E-01
   0.4007745      0.6480106E-01
   0.3896398      0.6468061E-01
   0.3784959      0.6452375E-01
   0.3673443      0.6433012E-01
   0.3561878      0.6409942E-01
   0.3450304      0.6383142E-01
   0.3338777      0.6352597E-01
   0.3227364      0.6318305E-01
   0.3116147      0.6280276E-01
   0.3005216      0.6238537E-01
   0.2894675      0.6193120E-01
   0.2784617      0.6143972E-01
   0.2675099      0.6090997E-01
   0.2566135      0.6034085E-01
   0.2457702      0.5973115E-01
   0.2349741      0.5907940E-01
   0.2242161      0.5838387E-01
   0.2134835      0.5764244E-01
   0.2027606      0.5685256E-01
   0.1920284      0.5601107E-01
   0.1812704      0.5511298E-01
   0.1704959      0.5415324E-01
   0.1597500      0.5313031E-01
   0.1491112      0.5204732E-01
   0.1386827      0.5091254E-01
   0.1285766      0.4973871E-01
   0.1188947      0.4854097E-01
   0.1097141      0.4732218E-01
   0.1010716      0.4606937E-01
   0.9296616E-01  0.4477334E-01
   0.8537327E-01  0.4342915E-01
   0.7825704E-01  0.4203477E-01
   0.7157833E-01  0.4059034E-01
   0.6531498E-01  0.3910217E-01
   0.5947281E-01  0.3758580E-01
   0.5406276E-01  0.3606121E-01
   0.4908499E-01  0.3454790E-01
   0.4452469E-01  0.3306169E-01
   0.4035725E-01  0.3161307E-01
   0.3655051E-01  0.3020724E-01
   0.3306769E-01  0.2884577E-01
   0.2987238E-01  0.2752804E-01
   0.2693103E-01  0.2625228E-01
   0.2421387E-01  0.2501563E-01
   0.2169670E-01  0.2380921E-01
   0.1936313E-01  0.2262446E-01
   0.1720094E-01  0.2145761E-01
   0.1519899E-01  0.2030762E-01
   0.1334601E-01  0.1917477E-01
   0.1163044E-01  0.1805980E-01
   0.1004079E-01  0.1696343E-01
   0.8573776E-02  0.1588447E-01
   0.7233066E-02  0.1481850E-01
   0.6017241E-02  0.1376027E-01
   0.4922148E-02  0.1270457E-01
   0.3942853E-02  0.1164636E-01
   0.3074625E-02  0.1058081E-01
   0.2313425E-02  0.9503279E-02
   0.1656142E-02  0.8409150E-02
   0.1100705E-02  0.7293732E-02
   0.6457840E-03  0.6152621E-02
   0.2867265E-03  0.4987096E-02
   0.1762523E-04  0.3801859E-02
  -0.1658500E-03  0.2601231E-02
  -0.2667040E-03  0.1389269E-02
  -0.2868177E-03  0.1699058E-03
  -0.2270743E-03 -0.1052914E-02
  -0.8742805E-04 -0.2275118E-02
   0.1330752E-03 -0.3492380E-02
   0.4363218E-03 -0.4699983E-02
   0.8252005E-03 -0.5892656E-02
   0.1303546E-02 -0.7064731E-02
   0.1873742E-02 -0.8214959E-02
   0.2537046E-02 -0.9345653E-02
   0.3295401E-02 -0.1045896E-01
   0.4151453E-02 -0.1155676E-01
   0.5108488E-02 -0.1264067E-01
   0.6170330E-02 -0.1371199E-01
   0.7341124E-02 -0.1477159E-01
   0.8624928E-02 -0.1581977E-01
   0.1002494E-01 -0.1685597E-01
   0.1154294E-01 -0.1787850E-01
   0.1318681E-01 -0.1888675E-01
   0.1497057E-01 -0.1988185E-01
   0.1691023E-01 -0.2086606E-01
   0.1902386E-01 -0.2184342E-01
   0.2133163E-01 -0.2282064E-01
   0.2385543E-01 -0.2380860E-01
   0.2661798E-01 -0.2482459E-01
   0.2964393E-01 -0.2588943E-01
   0.3296746E-01 -0.2701019E-01
   0.3662606E-01 -0.2818905E-01
   0.4065594E-01 -0.2942632E-01
   0.4508884E-01 -0.3072003E-01
   0.4995095E-01 -0.3206654E-01
   0.5526677E-01 -0.3345984E-01
   0.6105213E-01 -0.3488589E-01
   0.6730269E-01 -0.3632400E-01
   0.7399572E-01 -0.3774941E-01
   0.8110533E-01 -0.3913801E-01
   0.8862902E-01 -0.4047328E-01
   0.9658357E-01 -0.4174976E-01
   0.1049796     -0.4296493E-01
   0.1138143     -0.4411829E-01
   0.1230663     -0.4521233E-01
   0.1326902     -0.4625344E-01
   0.1426177     -0.4724444E-01
   0.1527693     -0.4817434E-01
   0.1630648     -0.4903269E-01
   0.1734329     -0.4981236E-01
   0.1838188     -0.5050963E-01
   0.1941885     -0.5112367E-01
   0.2045298     -0.5165572E-01
   0.2148517     -0.5210833E-01
   0.2251746     -0.5248484E-01
   0.2355175     -0.5278825E-01
   0.2458958     -0.5302099E-01
   0.2563215     -0.5318504E-01
   0.2668029     -0.5328209E-01
   0.2773448     -0.5331367E-01
   0.2879477     -0.5328128E-01
   0.2986079     -0.5318655E-01
   0.3093168     -0.5303131E-01
   0.3200623     -0.5281660E-01
   0.3308319     -0.5254246E-01
   0.3416150     -0.5220899E-01
   0.3524029     -0.5181650E-01
   0.3631885     -0.5136537E-01
   0.3739668     -0.5085605E-01
   0.3847349     -0.5028897E-01
   0.3954915     -0.4966450E-01
   0.4062376     -0.4898292E-01
   0.4169760     -0.4824434E-01
   0.4277107     -0.4744925E-01
   0.4384464     -0.4659848E-01
   0.4491871     -0.4569283E-01
   0.4599367     -0.4473302E-01
   0.4706991     -0.4371975E-01
   0.4814776     -0.4265365E-01
   0.4922755     -0.4153533E-01
   0.5030959     -0.4036537E-01
   0.5139416     -0.3914434E-01
   0.5248152     -0.3787281E-01
   0.5357192     -0.3655159E-01
   0.5466552     -0.3518198E-01
   0.5576238     -0.3376544E-01
   0.5686242     -0.3230367E-01
   0.5796545     -0.3079858E-01
   0.5907113     -0.2925233E-01
   0.6017897     -0.2766739E-01
   0.6128837     -0.2604652E-01
   0.6239855     -0.2439280E-01
   0.6350861     -0.2270962E-01
   0.6461754     -0.2100239E-01
   0.6572435     -0.1928217E-01
   0.6682802     -0.1756120E-01
   0.6792750     -0.1585159E-01
   0.6902174     -0.1416519E-01
   0.7010970     -0.1251350E-01
   0.7119035     -0.1090750E-01
   0.7226268     -0.9357562E-02
   0.7332575     -0.7873332E-02
   0.7437864     -0.6463668E-02
   0.7542053     -0.5136105E-02
   0.7645085     -0.3894216E-02
   0.7746977     -0.2739183E-02
   0.7847812     -0.1671293E-02
   0.7947733     -0.6903329E-03
   0.8046933      0.2040827E-03
   0.8145653      0.1012220E-02
   0.8244181      0.1733965E-02
   0.8342856      0.2368565E-02
   0.8442083      0.2914340E-02
   0.8542338      0.3369064E-02
   0.8644032      0.3732044E-02
   0.8747330      0.4001566E-02
   0.8852070      0.4174984E-02
   0.8957697      0.4250251E-02
   0.9063236      0.4227738E-02
   0.9167365      0.4111903E-02
   0.9268609      0.3912057E-02
   0.9365608      0.3641641E-02
   0.9457359      0.3315928E-02
   0.9543390      0.2948891E-02
   0.9623701      0.2552374E-02
   0.9698580      0.2135761E-02
   0.9768454      0.1706127E-02
   0.9833793      0.1268651E-02
   0.9895058      0.8270562E-03
   0.9952679      0.3839931E-03
    1.000000       0.000000    
