SIKORSKY SC2110 AIRFOIL
    1.000000      0.2676000E-02
   0.9950381      0.2653667E-02
   0.9890431      0.2701090E-02
   0.9827313      0.2839370E-02
   0.9760780      0.3083687E-02
   0.9690603      0.3451513E-02
   0.9616605      0.3962470E-02
   0.9538695      0.4637712E-02
   0.9456935      0.5498278E-02
   0.9371575      0.6554083E-02
   0.9283031      0.7798404E-02
   0.9191853      0.9214634E-02
   0.9098669      0.1077733E-01
   0.9004111      0.1245430E-01
   0.8908738      0.1420962E-01
   0.8812971      0.1600674E-01
   0.8717057      0.1781095E-01
   0.8621052      0.1959162E-01
   0.8524880      0.2133727E-01
   0.8428465      0.2305068E-01
   0.8331751      0.2473455E-01
   0.8234707      0.2639118E-01
   0.8137328      0.2802242E-01
   0.8039634      0.2962973E-01
   0.7941672      0.3121423E-01
   0.7843517      0.3277664E-01
   0.7745272      0.3431717E-01
   0.7647054      0.3583307E-01
   0.7548963      0.3731973E-01
   0.7451070      0.3877306E-01
   0.7353420      0.4018947E-01
   0.7256032      0.4156587E-01
   0.7158899      0.4289959E-01
   0.7061989      0.4418833E-01
   0.6965249      0.4543009E-01
   0.6868603      0.4662345E-01
   0.6771969      0.4776967E-01
   0.6675277      0.4887096E-01
   0.6578469      0.4992923E-01
   0.6481500      0.5094618E-01
   0.6384336      0.5192329E-01
   0.6286958      0.5286189E-01
   0.6189358      0.5376315E-01
   0.6091541      0.5462814E-01
   0.5993526      0.5545777E-01
   0.5895338      0.5625261E-01
   0.5797001      0.5701318E-01
   0.5698537      0.5774005E-01
   0.5599971      0.5843385E-01
   0.5501325      0.5909523E-01
   0.5402618      0.5972486E-01
   0.5303873      0.6032347E-01
   0.5205109      0.6089181E-01
   0.5106344      0.6143045E-01
   0.5007590      0.6193944E-01
   0.4908852      0.6241881E-01
   0.4810130      0.6286861E-01
   0.4711414      0.6328893E-01
   0.4612687      0.6367988E-01
   0.4513926      0.6404156E-01
   0.4415099      0.6437406E-01
   0.4316168      0.6467749E-01
   0.4217089      0.6495266E-01
   0.4117823      0.6520153E-01
   0.4018347      0.6542613E-01
   0.3918650      0.6562849E-01
   0.3818736      0.6581059E-01
   0.3718621      0.6597446E-01
   0.3618338      0.6612211E-01
   0.3517936      0.6625561E-01
   0.3417476      0.6637695E-01
   0.3317032      0.6648638E-01
   0.3216668      0.6658216E-01
   0.3116436      0.6666251E-01
   0.3016373      0.6672570E-01
   0.2916503      0.6677003E-01
   0.2816835      0.6679388E-01
   0.2717367      0.6679562E-01
   0.2618084      0.6677364E-01
   0.2518958      0.6672619E-01
   0.2419966      0.6664918E-01
   0.2321121      0.6653686E-01
   0.2222480      0.6638356E-01
   0.2124143      0.6618389E-01
   0.2026248      0.6593285E-01
   0.1928971      0.6562601E-01
   0.1832515      0.6525967E-01
   0.1737105      0.6483104E-01
   0.1642977      0.6433705E-01
   0.1550339      0.6376898E-01
   0.1459309      0.6311694E-01
   0.1369920      0.6237211E-01
   0.1282135      0.6152630E-01
   0.1195867      0.6057171E-01
   0.1110988      0.5950049E-01
   0.1027339      0.5830441E-01
   0.9447381E-01  0.5697441E-01
   0.8631014E-01  0.5549110E-01
   0.7828815E-01  0.5382359E-01
   0.7050914E-01  0.5195911E-01
   0.6310195E-01  0.4991035E-01
   0.5618420E-01  0.4771272E-01
   0.4983042E-01  0.4541396E-01
   0.4406203E-01  0.4306174E-01
   0.3885860E-01  0.4069531E-01
   0.3419011E-01  0.3834256E-01
   0.3001765E-01  0.3602043E-01
   0.2629160E-01  0.3373799E-01
   0.2296142E-01  0.3149935E-01
   0.1998024E-01  0.2930567E-01
   0.1730646E-01  0.2715642E-01
   0.1490395E-01  0.2505015E-01
   0.1274168E-01  0.2298475E-01
   0.1079646E-01  0.2095847E-01
   0.9057899E-02  0.1898091E-01
   0.7518894E-02  0.1706988E-01
   0.6167859E-02  0.1524184E-01
   0.4987669E-02  0.1350696E-01
   0.3957938E-02  0.1186842E-01
   0.3057806E-02  0.1032399E-01
   0.2270188E-02  0.8868811E-02
   0.1596310E-02  0.7499609E-02
   0.1038558E-02  0.6208650E-02
   0.5946519E-03  0.4985177E-02
   0.2616909E-03  0.3818396E-02
   0.3793637E-04  0.2698374E-02
  -0.7634235E-04  0.1616108E-02
  -0.7827699E-04  0.5632821E-03
   0.3829725E-04 -0.4681259E-03
   0.2793611E-03 -0.1485620E-02
   0.6412201E-03 -0.2494072E-02
   0.1121369E-02 -0.3496390E-02
   0.1720638E-02 -0.4493888E-02
   0.2442747E-02 -0.5486023E-02
   0.3293969E-02 -0.6469679E-02
   0.4282572E-02 -0.7437727E-02
   0.5417396E-02 -0.8376409E-02
   0.6705743E-02 -0.9262627E-02
   0.8165734E-02 -0.1007895E-01
   0.9828368E-02 -0.1081505E-01
   0.1173248E-01 -0.1146047E-01
   0.1392672E-01 -0.1200645E-01
   0.1647190E-01 -0.1245042E-01
   0.1944352E-01 -0.1280652E-01
   0.2293467E-01 -0.1312985E-01
   0.2707844E-01 -0.1353197E-01
   0.3212461E-01 -0.1408145E-01
   0.3841222E-01 -0.1484004E-01
   0.4612580E-01 -0.1584641E-01
   0.5472092E-01 -0.1700597E-01
   0.6315837E-01 -0.1811284E-01
   0.7103735E-01 -0.1905483E-01
   0.7853645E-01 -0.1984029E-01
   0.8585937E-01 -0.2051252E-01
   0.9314432E-01 -0.2110028E-01
   0.1004988     -0.2162332E-01
   0.1080169     -0.2209680E-01
   0.1157884     -0.2253379E-01
   0.1239033     -0.2294698E-01
   0.1324499     -0.2335030E-01
   0.1415048     -0.2376029E-01
   0.1511044     -0.2419723E-01
   0.1611360     -0.2467593E-01
   0.1709958     -0.2516799E-01
   0.1806648     -0.2566631E-01
   0.1902662     -0.2617176E-01
   0.1998921     -0.2668425E-01
   0.2096125     -0.2720269E-01
   0.2194787     -0.2772470E-01
   0.2295181     -0.2824611E-01
   0.2395468     -0.2875166E-01
   0.2494442     -0.2923087E-01
   0.2592574     -0.2968520E-01
   0.2690256     -0.3011645E-01
   0.2787798     -0.3052575E-01
   0.2885436     -0.3091368E-01
   0.2983346     -0.3128038E-01
   0.3081640     -0.3162560E-01
   0.3180366     -0.3194876E-01
   0.3279504     -0.3224903E-01
   0.3378967     -0.3252543E-01
   0.3478637     -0.3277711E-01
   0.3578409     -0.3300338E-01
   0.3678195     -0.3320372E-01
   0.3777926     -0.3337771E-01
   0.3877550     -0.3352503E-01
   0.3977035     -0.3364545E-01
   0.4076368     -0.3373879E-01
   0.4175553     -0.3380487E-01
   0.4274611     -0.3384352E-01
   0.4373567     -0.3385444E-01
   0.4472444     -0.3383730E-01
   0.4571266     -0.3379173E-01
   0.4670053     -0.3371734E-01
   0.4768825     -0.3361373E-01
   0.4867600     -0.3348047E-01
   0.4966394     -0.3331709E-01
   0.5065222     -0.3312313E-01
   0.5164098     -0.3289848E-01
   0.5263033     -0.3264366E-01
   0.5362032     -0.3235929E-01
   0.5461096     -0.3204598E-01
   0.5560221     -0.3170436E-01
   0.5659398     -0.3133510E-01
   0.5758614     -0.3093890E-01
   0.5857848     -0.3051648E-01
   0.5957078     -0.3006863E-01
   0.6056277     -0.2959591E-01
   0.6155427     -0.2909862E-01
   0.6254522     -0.2857698E-01
   0.6353568     -0.2803117E-01
   0.6452583     -0.2746129E-01
   0.6551595     -0.2686733E-01
   0.6650646     -0.2624920E-01
   0.6749788     -0.2560667E-01
   0.6849087     -0.2493946E-01
   0.6948613     -0.2424817E-01
   0.7048414     -0.2353435E-01
   0.7148511     -0.2279976E-01
   0.7248891     -0.2204643E-01
   0.7349513     -0.2127670E-01
   0.7450302     -0.2049318E-01
   0.7551149     -0.1969883E-01
   0.7651911     -0.1889695E-01
   0.7752419     -0.1809074E-01
   0.7852509     -0.1728066E-01
   0.7952082     -0.1646533E-01
   0.8051116     -0.1564285E-01
   0.8149652     -0.1481082E-01
   0.8247798     -0.1396633E-01
   0.8345722     -0.1310592E-01
   0.8443649     -0.1222549E-01
   0.8541873     -0.1132013E-01
   0.8640758     -0.1038490E-01
   0.8740646     -0.9423777E-02
   0.8841385     -0.8450833E-02
   0.8941531     -0.7493126E-02
   0.9041314     -0.6561312E-02
   0.9141543     -0.5660872E-02
   0.9241843     -0.4808494E-02
   0.9339418     -0.4038406E-02
   0.9433050     -0.3365447E-02
   0.9521880     -0.2795279E-02
   0.9605469     -0.2321237E-02
   0.9683785     -0.1931997E-02
   0.9757054     -0.1615854E-02
   0.9825640     -0.1361936E-02
   0.9889951     -0.1160702E-02
   0.9950400     -0.1004047E-02
    1.000000     -0.8990000E-03
